1;2;3;04.06.2019
2;3;4;04.06.2019
3;4;5;04.06.2019
4;5;6;04.06.2019
5;6;7;04.06.2019
6;7;8;04.06.2019
7;8;9;04.06.2019
8;9;10;04.06.2019
9;10;11;04.06.2019
10;11;12;04.06.2019
11;12;13;04.06.2019
12;13;14;04.06.2019
13;14;15;04.06.2019
14;15;16;04.06.2019
15;16;17;04.06.2019
16;17;18;04.06.2019
17;18;19;04.06.2019
18;19;20;04.06.2019
19;20;21;04.06.2019
20;21;22;04.06.2019
21;22;23;04.06.2019
22;23;24;04.06.2019
23;24;25;04.06.2019
24;25;26;04.06.2019
25;26;27;04.06.2019
26;27;28;04.06.2019
27;28;29;04.06.2019
28;29;30;04.06.2019
29;30;31;04.06.2019
30;31;32;04.06.2019
31;32;33;04.06.2019
32;33;34;04.06.2019
33;34;35;04.06.2019
34;35;36;04.06.2019
35;36;37;04.06.2019
36;37;38;04.06.2019
37;38;39;04.06.2019
38;39;40;04.06.2019
39;40;41;04.06.2019
40;41;42;04.06.2019
41;42;43;04.06.2019
42;43;Patrick;04.06.2019
43;44;Jonas;04.06.2019
44;45;Assila;04.06.2019
45;Patrick;Berlet;04.06.2019
46;Jonas;Schilling;04.06.2019
47;Assila;Templin;04.06.2019
